Tiemstamp:20240202_124828, Recall@10:0.17806122448979528
Tiemstamp:20240202_125337, Recall@10:0.17797831632652883
Tiemstamp:20240202_130209, Recall@10:0.1776753826530609
